0.000000000000000000e+00 9.779564599999994812e+01 8.355366499999999519e+01 8.352107599999996523e+01 7.475481999999998095e+01 7.417970000000003949e+01 7.371603400000000761e+01 5.978848900000001265e+01 5.582183400000001683e+01 4.730803500000001094e+01 4.087147200000000424e+01 4.709445200000000398e+01 2.269220799999999727e+01 1.965266800000000913e+01 1.887021800000000127e+01 1.569701200000000263e+01 6.479752000000001289e+00 2.062097999999999764e+00 4.099495999999999363e+00 5.427447000000000799e+00 2.598234599999999972e+01 2.728679399999999688e+01
9.779547599999996521e+01 0.000000000000000000e+00 1.424198099999999911e+01 1.739599499999999921e+01 2.399754799999999122e+01 2.518426300000000495e+01 3.925391500000003475e+01 5.358613300000001800e+01 5.549804600000001642e+01 5.322782900000000694e+01 6.154572700000002783e+01 6.483884200000002807e+01 7.727570300000003556e+01 8.361339000000003807e+01 8.093704000000003873e+01 9.040100400000004299e+01 9.339820400000002110e+01 9.815735300000000052e+01 9.746850599999996234e+01 9.312766699999997400e+01 1.132864940000000473e+02 1.145909420000000694e+02
8.355349499999998386e+01 1.424198099999999911e+01 0.000000000000000000e+00 8.882114999999997096e+00 1.368196799999999769e+01 1.496122099999999833e+01 2.989421599999999657e+01 4.422643399999999048e+01 4.613834699999999600e+01 3.943299999999999983e+01 4.807767800000000591e+01 5.137079300000001325e+01 6.380765399999999232e+01 7.014534100000000194e+01 6.746899100000000260e+01 7.693295500000002107e+01 7.993015499999999918e+01 8.391537200000001917e+01 8.322652499999995257e+01 7.888568599999999265e+01 9.981844500000002540e+01 1.011228930000000332e+02
8.351718900000000190e+01 1.739599499999999921e+01 8.882115000000000649e+00 0.000000000000000000e+00 8.766256000000000270e+00 1.004550899999999913e+01 2.497850400000000093e+01 3.931072199999999128e+01 4.122263499999999681e+01 3.808907499999999402e+01 4.640697300000002912e+01 4.970008800000002935e+01 6.213694900000002264e+01 6.847463600000003225e+01 6.579828600000001870e+01 7.526225000000003718e+01 7.825945000000002949e+01 8.387906600000003721e+01 8.319021899999997061e+01 7.884938000000001068e+01 9.814774000000005572e+01 9.945218800000006354e+01
7.475093300000000340e+01 2.399754799999999477e+01 1.369442099999999662e+01 8.766255999999996718e+00 0.000000000000000000e+00 5.323203000000001239e+00 2.032796000000000447e+01 3.466017800000000193e+01 3.657209100000000035e+01 3.063043800000001582e+01 3.927511600000001835e+01 4.256823100000001858e+01 5.500509200000000476e+01 6.134277900000000017e+01 5.866642900000000083e+01 6.813039299999999798e+01 7.112759299999999030e+01 7.511281000000003871e+01 7.442396299999998632e+01 7.008312400000001219e+01 9.101588300000001652e+01 9.232033100000003856e+01
7.416797299999998927e+01 2.518426299999999785e+01 1.497367399999999904e+01 1.004550899999999736e+01 5.323202999999999463e+00 0.000000000000000000e+00 1.631787899999999780e+01 3.065009700000000237e+01 3.256201000000000079e+01 2.804356600000000554e+01 3.636146399999999801e+01 3.965457900000000535e+01 5.209143999999998442e+01 5.842912699999998694e+01 5.575277699999998759e+01 6.521674099999998475e+01 6.821394099999997707e+01 7.458908400000002814e+01 7.390023699999997575e+01 6.955939800000000162e+01 8.810223100000000329e+01 8.940667900000002533e+01
7.367619999999999436e+01 3.926260000000000616e+01 2.991768700000000081e+01 2.498952200000000090e+01 2.033897799999999023e+01 1.629559699999999367e+01 0.000000000000000000e+00 2.392994200000000404e+01 2.789659699999999987e+01 2.897958799999999258e+01 3.586969100000000310e+01 3.916280600000001044e+01 5.159966700000000372e+01 5.793735399999999913e+01 5.526100399999999979e+01 6.472496799999998984e+01 6.772216799999999637e+01 7.554307700000001091e+01 7.776095900000002814e+01 7.908890999999997007e+01 8.761045800000000838e+01 8.891490600000003042e+01
5.977043000000001882e+01 5.355831399999998155e+01 4.421340099999998330e+01 3.928523600000000471e+01 3.463469200000000114e+01 3.059131100000000103e+01 2.392994199999999694e+01 0.000000000000000000e+00 3.966655000000000264e+00 1.612652100000000033e+01 2.196392100000000980e+01 2.525703600000000648e+01 3.769389700000000687e+01 4.403158400000000228e+01 4.135523400000000294e+01 5.081919800000000009e+01 5.381639800000002083e+01 6.163730700000001406e+01 6.385518900000001707e+01 6.518314000000002295e+01 7.370468800000001863e+01 7.500913600000004067e+01
5.580377500000002300e+01 5.547022699999998707e+01 4.612531399999997461e+01 4.119714899999999602e+01 3.654660500000000667e+01 3.250322400000000300e+01 2.789659699999999631e+01 3.966654999999999820e+00 0.000000000000000000e+00 1.215986599999999562e+01 1.799726600000000332e+01 2.129038100000000000e+01 3.372724200000000394e+01 4.006492900000000645e+01 3.738857900000000711e+01 4.685254299999999716e+01 4.984974300000002501e+01 5.767065200000001823e+01 5.988853400000002125e+01 6.121648500000002713e+01 6.973803300000001570e+01 7.104248100000002353e+01
4.732030099999999351e+01 5.320499999999999829e+01 3.943672899999997838e+01 3.806624600000000669e+01 3.060760900000000362e+01 2.802073700000000400e+01 2.901712400000000613e+01 1.616216400000000064e+01 1.219550900000000127e+01 0.000000000000000000e+00 9.513792000000000471e+00 1.280690699999999893e+01 2.524376799999999221e+01 3.158145499999999117e+01 2.890510499999998828e+01 3.836906899999999609e+01 4.136626899999999551e+01 4.918717799999998874e+01 5.140505999999999176e+01 5.273301099999999764e+01 6.125455899999998621e+01 6.255900699999997272e+01
4.081532599999999888e+01 6.156971999999998246e+01 4.808140699999998446e+01 4.643096599999998375e+01 3.925228700000000970e+01 3.638545699999999528e+01 3.592179100000000602e+01 2.199424600000000041e+01 1.802759100000000103e+01 9.513792000000000471e+00 0.000000000000000000e+00 9.300208999999998838e+00 1.873879299999999759e+01 2.507647999999999655e+01 2.240012999999999366e+01 3.186409399999999792e+01 3.486129400000000089e+01 4.268220299999999412e+01 4.490008499999999714e+01 4.622803600000001012e+01 5.474958399999999870e+01 5.605403199999998520e+01
4.710671799999999365e+01 6.486283499999997559e+01 5.137452199999997760e+01 4.972408099999998399e+01 4.254540200000000283e+01 3.967857199999999551e+01 3.921490600000001336e+01 2.528736099999999709e+01 2.132070599999999772e+01 1.280690699999999893e+01 9.300209000000002391e+00 0.000000000000000000e+00 2.503018499999999236e+01 3.136787199999999132e+01 2.869152199999998842e+01 3.815548599999999624e+01 4.115268599999999566e+01 4.897359499999998889e+01 5.119147699999999190e+01 5.251942799999999778e+01 6.104097599999998636e+01 6.234542399999997997e+01
2.270959699999999160e+01 7.730481899999999484e+01 6.381650599999998974e+01 6.216606499999999613e+01 5.498738600000000076e+01 5.212055600000000766e+01 5.165689000000001840e+01 3.772934500000000213e+01 3.376268999999999920e+01 2.524889100000000397e+01 1.881232800000000083e+01 2.503530800000000411e+01 0.000000000000000000e+00 6.970751000000000808e+00 4.294400999999997914e+00 1.375836499999999774e+01 1.675556500000000071e+01 2.457647399999998683e+01 2.679435599999999695e+01 2.812230699999999572e+01 3.664385500000000206e+01 3.794830299999999568e+01
1.968332399999999538e+01 8.364250599999999736e+01 7.015419300000003489e+01 6.850375199999999154e+01 6.132507299999998907e+01 5.845824300000000306e+01 5.799457700000002802e+01 4.406703199999999754e+01 4.010037700000000171e+01 3.158657800000000293e+01 2.515001499999999979e+01 3.137299500000000307e+01 6.970751000000001696e+00 0.000000000000000000e+00 3.802924999999999223e+00 1.196062099999999973e+01 1.372929199999999916e+01 2.155020099999999417e+01 2.376808300000000074e+01 2.509603400000000306e+01 3.361758200000001295e+01 3.492203000000000657e+01
1.888760699999999559e+01 8.096615599999999802e+01 6.747784300000002133e+01 6.582740199999999220e+01 5.864872299999999683e+01 5.578189300000000372e+01 5.531822700000002868e+01 4.139068200000000530e+01 3.742402700000000948e+01 2.891022800000000359e+01 2.247366500000000045e+01 2.869664500000000373e+01 4.294400999999999691e+00 3.802925000000000111e+00 0.000000000000000000e+00 9.916379000000000943e+00 1.293357499999999938e+01 2.075448399999999438e+01 2.297236600000000095e+01 2.430031699999999972e+01 3.282186500000000251e+01 3.412631300000000323e+01
1.567897999999999925e+01 9.043012000000005912e+01 7.694180700000005402e+01 7.529136600000005330e+01 6.811268700000002241e+01 6.524585700000005772e+01 6.478219100000008268e+01 5.085464600000003799e+01 4.688799100000003506e+01 3.837419200000002917e+01 3.193762900000001537e+01 3.816060900000001510e+01 1.375836500000000484e+01 1.196062100000000505e+01 9.916379000000004496e+00 0.000000000000000000e+00 9.724947999999999482e+00 1.754585699999999804e+01 1.976373900000000106e+01 2.109168999999999983e+01 2.961323800000000972e+01 3.091768600000000689e+01
6.479751999999998624e+00 9.342143200000003844e+01 7.993311900000003334e+01 7.828267800000004684e+01 7.110399900000001594e+01 6.823716900000005126e+01 6.777350300000007621e+01 5.384595800000002441e+01 4.987930300000002859e+01 4.136550400000002270e+01 3.492894100000001600e+01 4.115192100000001574e+01 1.674967700000000193e+01 1.371013699999999780e+01 1.292768700000000237e+01 9.754481000000000179e+00 0.000000000000000000e+00 8.346628999999996523e+00 1.056451099999999599e+01 1.189246200000000009e+01 2.000306400000000195e+01 2.130751199999999912e+01
2.057918000000000358e+00 9.815266299999994715e+01 8.391068199999998001e+01 8.387809299999996426e+01 7.511183699999996577e+01 7.458836300000000108e+01 7.558294200000001695e+01 6.165539700000001488e+01 5.768874200000001196e+01 4.917494300000000607e+01 4.273837999999999937e+01 4.896135999999999910e+01 2.455911599999999595e+01 2.151957600000000426e+01 2.073712599999999640e+01 1.756391999999999953e+01 8.346660000000003521e+00 0.000000000000000000e+00 3.706284000000000134e+00 5.784464000000000716e+00 2.558913400000000138e+01 2.689358199999999854e+01
4.099496000000001139e+00 9.745616799999993418e+01 8.321418699999998125e+01 8.318159799999996551e+01 7.441534199999998123e+01 7.389186800000000233e+01 7.780079299999999876e+01 6.387324800000000380e+01 5.990659300000000798e+01 5.139279400000000209e+01 4.495623099999999539e+01 5.117921099999999512e+01 2.677696699999998842e+01 2.373742700000000028e+01 2.295497699999999242e+01 1.978177099999999555e+01 1.056451099999999954e+01 3.706284000000000578e+00 0.000000000000000000e+00 6.241039999999999921e+00 2.346007599999999726e+01 2.476452399999999443e+01
5.422586999999999158e+00 9.312297699999993483e+01 7.888099599999998190e+01 7.884840699999996616e+01 7.008215099999996767e+01 6.955867700000000298e+01 7.912560299999999813e+01 6.519805800000000318e+01 6.123140300000000735e+01 5.271760400000000146e+01 4.628104099999998766e+01 5.250402099999999450e+01 2.810177699999999135e+01 2.506223699999999610e+01 2.427978699999999179e+01 2.110658099999999493e+01 1.188932100000000069e+01 5.784464000000000716e+00 6.241039999999999921e+00 0.000000000000000000e+00 2.917365399999999909e+01 3.047810199999999625e+01
2.598234599999999972e+01 1.133097220000000362e+02 9.982140900000001693e+01 9.817096800000003043e+01 9.099228899999998532e+01 8.812545900000004906e+01 8.766179300000001717e+01 7.373424799999999379e+01 6.976759299999999087e+01 6.125379399999999919e+01 5.481723099999999249e+01 6.104021099999999223e+01 3.663796699999999618e+01 3.359842700000000093e+01 3.281597699999999662e+01 2.964277100000000686e+01 2.000306399999999840e+01 2.558913400000000493e+01 2.346007600000000437e+01 2.917365400000000619e+01 0.000000000000000000e+00 1.561048000000000213e+00
2.728679399999999688e+01 1.146141700000000583e+02 1.011258570000000105e+02 9.947541600000005246e+01 9.229673699999997893e+01 8.942990700000007109e+01 8.896624100000003921e+01 7.503869600000001583e+01 7.107204100000001290e+01 6.255824200000000701e+01 5.612167900000000031e+01 6.234465900000000715e+01 3.794241500000001110e+01 3.490287500000000165e+01 3.412042500000001155e+01 3.094721900000001114e+01 2.130751200000000267e+01 2.689358200000000210e+01 2.476452400000000154e+01 3.047810200000000336e+01 1.561047999999999991e+00 0.000000000000000000e+00
